tree
version=v4
num_class=1
num_tree_per_iteration=1
label_index=0
max_feature_idx=19
objective=regression
feature_names=Column_0 Column_1 Column_2 Column_3 Column_4 Column_5 Column_6 Column_7 Column_8 Column_9 Column_10 Column_11 Column_12 Column_13 Column_14 Column_15 Column_16 Column_17 Column_18 Column_19
feature_infos=[-0.23348148167133331:7.3631210327148438] [-2.8669154644012451:1.6475586891174316] [-0.26418524980545044:6.0179800987243652] [-2.8623826503753662:1.9401137828826904] [-0.23045893013477325:7.6602568626403809] [-0.27524855732917786:4.7666397094726562] [-2.782379150390625:1.9146015644073486] [-1.1520435810089111:3.2020964622497559] [-2.8180007934570312:1.7007780075073242] [-0.2417890727519989:4.8757977485656738] [-0.6656758189201355:6.5282554626464844] [-2.8163077831268311:1.8439574241638184] [-2.6276943683624268:3.7346913814544678] [-1.0490492582321167:3.4828927516937256] [-0.23429302871227264:7.6266813278198242] [-0.26550915837287903:5.485877513885498] [-2.7329659461975098:2.2698049545288086] [-0.25410962104797363:7.0622634887695312] [-0.23036506772041321:7.6510128974914551] [-2.0226433277130127:6.9916520118713379]
tree_sizes=765 772 767 785 794 774 770 771 773 769 769 743 788 773 747 759 770 759 763 765 771 752 750 748 750 746 768 780 751 746 751 747 734 747 794 747 762 745 747 734 780 763 751 748 751 762 764 752 770 756

Tree=0
num_leaves=7
num_cat=0
split_feature=8 10 10 1 6 10
split_gain=740368 1.27215e+06 1.17121e+06 403888 1.18803e+06 372310
threshold=0.022583006881177429 -0.35447448492050165 -0.369048461318016 1.1005292534828188 1.3338403105735781 1.5887081623077395
decision_type=2 2 2 2 2 2
left_child=1 2 -1 -2 -5 -3
right_child=3 5 -4 4 -6 -7
leaf_value=446.91976507048759 444.86644716098107 446.03709123879185 452.75685604754949 450.57485601703189 444.60485588733218 444.32826767282256
leaf_weight=10.999999999999998 137 51 4.9999999999999991 4.9999999999999991 9.9999999999999982 17
leaf_count=11 137 51 5 5 10 17
internal_value=445.453 446.207 448.744 445.037 446.595 445.61
internal_weight=0 84 16 152 15 68
internal_count=236 84 16 152 15 68
is_linear=0
shrinkage=1


Tree=1
num_leaves=7
num_cat=0
split_feature=8 10 10 1 6 1
split_gain=725635 1.24684e+06 1.14791e+06 395851 1.16439e+06 369682
threshold=0.022583006881177429 -0.35447448492050165 -0.369048461318016 1.1005292534828188 1.3338403105735781 0.50272323191165935
decision_type=2 2 2 2 2 2
left_child=1 2 -1 5 -5 -2
right_child=3 -3 -4 4 -6 -7
leaf_value=1.4517115090110084 -0.10177259583730955 0.1549305491587695 7.2304315490722662 5.0702515258789065 -0.84004857635498043 -1.144061319222526
leaf_weight=10.999999999999998 74 68 4.9999999999999991 4.9999999999999991 9.9999999999999982 63
leaf_count=11 74 68 5 5 10 63
internal_value=0 0.745908 3.25756 -0.412212 1.13005 -0.581073
internal_weight=0 84 16 152 15 137
internal_count=236 84 16 152 15 137
is_linear=0
shrinkage=0.01


Tree=2
num_leaves=7
num_cat=0
split_feature=8 10 10 3 11 8
split_gain=711195 1.22203e+06 1.12506e+06 387973 1.14122e+06 365574
threshold=0.022583006881177429 -0.35447448492050165 -0.369048461318016 1.2431487441062929 1.3029863834381106 1.3215451836586001
decision_type=2 2 2 2 2 2
left_child=1 2 -1 -2 -5 -6
right_child=3 -3 -4 4 5 -7
leaf_value=1.4371943638541482 -0.57526249210329827 0.15338128573754253 7.158127014160157 5.0195487670898435 -2.7436480216979988 1.0803519477844237
leaf_weight=10.999999999999998 137 68 4.9999999999999991 4.9999999999999991 4.9999999999999982 5
leaf_count=11 137 68 5 5 5 5
internal_value=0 0.738449 3.22499 -0.40809 1.11875 -0.831648
internal_weight=0 84 16 152 15 10
internal_count=236 84 16 152 15 10
is_linear=0
shrinkage=0.01


Tree=3
num_leaves=7
num_cat=0
split_feature=1 15 19 12 12 1
split_gain=693649 1.11577e+06 1.63158e+06 539161 680530 384088
threshold=0.058913847431540496 -0.26531760394573206 0.064407993108034148 -0.53832441568374623 -0.63973695039749134 1.1005292534828188
decision_type=2 2 2 2 2 2
left_child=1 2 3 4 -1 -2
right_child=5 -3 -4 -5 -6 -7
leaf_value=0.259582780599594 -0.57917826624269841 -0.13914384937286378 5.8200312911139598 -1.115645303726196 4.962478446960449 1.1075634371439615
leaf_weight=8.0000000000000018 135 55 8.9999999999999982 9.0000000000000018 4.9999999999999991 14.999999999999998
leaf_count=8 135 55 9 9 5 15
internal_value=0 0.715996 2.23318 0.765829 2.06839 -0.410504
internal_weight=0 86 31 22 13 150
internal_count=236 86 31 22 13 150
is_linear=0
shrinkage=0.01


Tree=4
num_leaves=7
num_cat=0
split_feature=8 15 19 16 3 6
split_gain=684307 1.18404e+06 1.51075e+06 516658 372851 1.11851e+06
threshold=0.022583006881177429 -0.26531760394573206 0.064407993108034148 -0.33515428006649012 1.2431487441062929 1.3338403105735781
decision_type=2 2 2 2 2 2
left_child=1 2 3 -1 -2 -6
right_child=4 -3 -4 -5 5 -7
leaf_value=-0.62553417552601187 -0.56418378259143687 -0.13775243854522706 5.7618308936225047 2.6051830863952627 4.9582778320312499 -0.83440723991394039
leaf_weight=11.000000000000002 137 55 8.9999999999999982 9.0000000000000018 4.9999999999999991 9.9999999999999982
leaf_count=11 137 55 9 9 5 10
internal_value=0 0.724356 2.35939 0.828289 -0.400302 1.09649
internal_weight=0 84 29 20 152 15
internal_count=236 84 29 20 152 15
is_linear=0
shrinkage=0.01


Tree=5
num_leaves=7
num_cat=0
split_feature=8 10 10 1 6 1
split_gain=670690 1.16324e+06 1.08335e+06 365432 1.09625e+06 361720
threshold=0.022583006881177429 -0.35447448492050165 -0.369048461318016 1.1005292534828188 1.3338403105735781 0.50272323191165935
decision_type=2 2 2 2 2 2
left_child=1 2 -1 5 -5 -2
right_child=3 -3 -4 4 -6 -7
leaf_value=1.3887607808546587 -0.084430806507935399 0.14629092332194835 7.0026510696411126 4.9086951293945313 -0.82606314277648918 -1.1154344286237445
leaf_weight=10.999999999999998 74 68 4.9999999999999991 4.9999999999999991 9.9999999999999982 63
leaf_count=11 74 68 5 5 10 63
internal_value=0 0.717112 3.1431 -0.396299 1.08552 -0.558542
internal_weight=0 84 16 152 15 137
internal_count=236 84 16 152 15 137
is_linear=0
shrinkage=0.01


Tree=6
num_leaves=7
num_cat=0
split_feature=8 15 19 12 6 3
split_gain=657343 1.14623e+06 1.47317e+06 606320 510385 358160
threshold=0.022583006881177429 -0.26531760394573206 0.064407993108034148 -0.53832441568374623 -0.20004416257143018 1.2431487441062929
decision_type=2 2 2 2 2 2
left_child=1 2 3 4 -1 -2
right_child=5 -3 -4 -5 -6 -7
leaf_value=0.022018356323242175 -0.55295655539436062 -0.1382896117730574 5.6785145738389762 -1.118196745978461 4.3480018870035808 1.0746676495869953
leaf_weight=5.0000000000000018 137 55 8.9999999999999982 9.0000000000000018 6 14.999999999999998
leaf_count=5 137 55 9 9 6 15
internal_value=0 0.709941 2.31865 0.806717 2.38165 -0.392336
internal_weight=0 84 29 20 11 152
internal_count=236 84 29 20 11 152
is_linear=0
shrinkage=0.01


Tree=7
num_leaves=7
num_cat=0
split_feature=8 15 19 12 6 1
split_gain=644262 1.12342e+06 1.44385e+06 594255 500229 351032
threshold=0.022583006881177429 -0.26531760394573206 0.064407993108034148 -0.53832441568374623 -0.20004416257143018 1.1005292534828188
decision_type=2 2 2 2 2 2
left_child=1 2 3 4 -1 -2
right_child=5 -3 -4 -5 -6 -7
leaf_value=0.021798171997070299 -0.54742697757526038 -0.13690674760124899 5.6217294057210294 -1.1070147969987654 4.3045217259724931 1.063921017964681
leaf_weight=5.0000000000000018 137 55 8.9999999999999982 9.0000000000000018 6 14.999999999999998
leaf_count=5 137 55 9 9 6 15
internal_value=0 0.702841 2.29547 0.798649 2.35783 -0.388412
internal_weight=0 84 29 20 11 152
internal_count=236 84 29 20 11 152
is_linear=0
shrinkage=0.01


Tree=8
num_leaves=7
num_cat=0
split_feature=8 10 10 10 1 6
split_gain=631441 1.10551e+06 1.04278e+06 353156 344047 1.07443e+06
threshold=0.022583006881177429 -0.35447448492050165 -0.369048461318016 1.5887081623077395 1.1005292534828188 1.3338403105735781
decision_type=2 2 2 2 2 2
left_child=1 2 -1 -3 -2 -6
right_child=4 3 -4 -5 5 -7
leaf_value=1.3396658082441852 -0.54195269763904774 0.55540717975766052 6.8474306221008305 -1.1088791746251725 4.8382221069335936 -0.83918842315673825
leaf_weight=10.999999999999998 137 51 4.9999999999999991 17 4.9999999999999991 9.9999999999999982
leaf_count=11 137 51 5 17 5 10
internal_value=0 0.695813 3.06084 0.139336 -0.384528 1.05328
internal_weight=0 84 16 68 152 15
internal_count=236 84 16 68 152 15
is_linear=0
shrinkage=0.01


Tree=9
num_leaves=7
num_cat=0
split_feature=8 15 15 16 1 6
split_gain=618875 1.08613e+06 884084 671928 337200 1.05305e+06
threshold=0.022583006881177429 -0.26531760394573206 -0.26548375189304346 -0.33515428006649012 1.1005292534828188 1.3338403105735781
decision_type=2 2 2 2 2 2
left_child=1 2 3 -1 -2 -6
right_child=4 -3 -4 -5 5 -7
leaf_value=-0.37195025761922185 -0.5365332011236762 -0.1368379311995073 5.0836911153793336 3.2426417774624285 4.7898400268554688 -0.83079646873474122
leaf_weight=12.000000000000004 137 55 7.9999999999999991 9 4.9999999999999991 9.9999999999999982
leaf_count=12 137 55 8 9 5 10
internal_value=0 0.688855 2.25482 1.17716 -0.380683 1.04275
internal_weight=0 84 29 21 152 15
internal_count=236 84 29 21 152 15
is_linear=0
shrinkage=0.01


Tree=10
num_leaves=7
num_cat=0
split_feature=1 16 1 1 6 1
split_gain=603933 899873 1.03248e+06 333874 1.0321e+06 347254
threshold=0.058913847431540496 -0.36902464926242823 -0.081466671079397188 1.1005292534828188 1.3338403105735781 0.50272323191165935
decision_type=2 2 2 2 2 2
left_child=1 -1 -3 5 -5 -2
right_child=3 2 -4 4 -6 -7
leaf_value=0.16034971624180891 -0.065883047216468399 6.0657643381754518 0.90881804791363807 4.7419415283203126 -0.82248857498168948 -1.082491467188275
leaf_weight=69 72 6.0000000000000027 10.999999999999998 4.9999999999999991 9.9999999999999982 63
leaf_count=69 72 6 11 5 10 63
internal_value=0 0.66809 2.72892 -0.383038 1.03232 -0.5403
internal_weight=0 86 17 150 15 135
internal_count=236 86 17 150 15 135
is_linear=0
shrinkage=0.01


Tree=11
num_leaves=7
num_cat=0
split_feature=8 10 10 10 19 10
split_gain=594835 1.05206e+06 1.01407e+06 343054 328637 317981
threshold=0.022583006881177429 -0.35447448492050165 -0.369048461318016 1.5887081623077395 0.092501904815435423 -0.42827886343002314
decision_type=2 2 2 2 2 2
left_child=1 2 -1 4 -3 -2
right_child=5 3 -4 -5 -6 -7
leaf_value=1.2851763456518002 0.027467603766640952 -0.10221206665039062 6.7165881004333494 -1.097748940411736 1.5419610118865967 -0.89531824859705833
leaf_weight=10.999999999999998 86 31 4.9999999999999991 17 20 66
leaf_count=11 86 31 5 17 20 66
internal_value=0 0.675343 2.98249 0.132484 0.542562 -0.373216
internal_weight=0 84 16 68 51 152
internal_count=236 84 16 68 51 152
is_linear=0
shrinkage=0.01


Tree=12
num_leaves=7
num_cat=0
split_feature=8 15 19 6 1 1
split_gain=582997 1.0384e+06 1.38862e+06 535615 965303 322675
threshold=0.022583006881177429 -0.26531760394573206 0.092501904815435423 -0.23680235445499417 -0.081466671079397188 1.1005292534828188
decision_type=2 2 2 2 2 2
left_child=1 2 3 -1 -5 -2
right_child=5 -3 -4 4 -6 -7
leaf_value=-0.65781848812103239 -0.52194025772331409 -0.13875953015414152 6.4840849049886069 5.8673674545288046 0.2662645053863526 1.0229539426167806
leaf_weight=10.000000000000004 137 55 5.9999999999999991 5.0000000000000027 7.9999999999999973 14.999999999999998
leaf_count=10 137 55 6 5 8 15
internal_value=0 0.668589 2.19977 1.08212 2.42053 -0.369484
internal_weight=0 84 29 23 13 152
internal_count=236 84 29 23 13 152
is_linear=0
shrinkage=0.01


Tree=13
num_leaves=7
num_cat=0
split_feature=8 15 19 12 16 1
split_gain=571396 1.01774e+06 1.36513e+06 557325 794368 316254
threshold=0.022583006881177429 -0.26531760394573206 0.064407993108034148 -0.53832441568374623 -0.33515428006649012 1.1005292534828188
decision_type=2 2 2 2 2 2
left_child=1 2 3 4 -1 -2
right_child=5 -3 -4 -5 -6 -7
leaf_value=-0.2208629035949706 -0.51672089089442341 -0.13737190064516935 5.4120816400316025 -1.1231704696019487 5.1760647430419908 1.0127243970235189
leaf_weight=6.0000000000000018 137 55 8.9999999999999982 9.0000000000000018 5 14.999999999999998
leaf_count=6 137 55 9 9 5 15
internal_value=0 0.661903 2.17777 0.722331 2.23229 -0.365789
internal_weight=0 84 29 20 11 152
internal_count=236 84 29 20 11 152
is_linear=0
shrinkage=0.01


Tree=14
num_leaves=7
num_cat=0
split_feature=8 10 10 10 19 1
split_gain=560025 998213 972933 331172 313135 309961
threshold=0.022583006881177429 -0.35447448492050165 -0.369048461318016 1.5887081623077395 0.092501904815435423 1.1005292534828188
decision_type=2 2 2 2 2 2
left_child=1 2 -1 4 -3 -2
right_child=5 3 -4 -5 -6 -7
leaf_value=1.2400799707932906 -0.5115536735527707 -0.099967325887372421 6.5601826686859139 -1.0822396401798025 1.5049580421447755 1.0025971450805664
leaf_weight=10.999999999999998 137 31 4.9999999999999991 17 20 14.999999999999998
leaf_count=11 137 31 5 17 20 15
internal_value=0 0.655284 2.90261 0.126501 0.529415 -0.362131
internal_weight=0 84 16 68 51 152
internal_count=236 84 16 68 51 152
is_linear=0
shrinkage=0.01


Tree=15
num_leaves=7
num_cat=0
split_feature=8 15 19 12 12 10
split_gain=548880 984732 1.33595e+06 687795 1.41035e+06 307881
threshold=0.022583006881177429 -0.26531760394573206 0.092501904815435423 -0.53832441568374623 -0.63973695039749134 -0.42827886343002314
decision_type=2 2 2 2 2 2
left_child=1 2 3 4 -1 -2
right_child=5 -3 -4 -5 -6 -7
leaf_value=0.064359411663479249 0.035758973041246103 -0.13747576548836449 6.3420897928873696 -1.1132231171925862 6.6883708801269508 -0.87225338226014915
leaf_weight=9.0000000000000018 86 55 5.9999999999999991 9 5.0000000000000009 66
leaf_count=9 86 55 6 9 5 66
internal_value=0 0.648732 2.13981 1.04357 2.43008 -0.35851
internal_weight=0 84 29 23 14 152
internal_count=236 84 29 23 14 152
is_linear=0
shrinkage=0.01


Tree=16
num_leaves=7
num_cat=0
split_feature=8 15 19 12 12 3
split_gain=537958 965136 1.30937e+06 674108 1.38228e+06 302565
threshold=0.022583006881177429 -0.26531760394573206 0.092501904815435423 -0.53832441568374623 -0.63973695039749134 1.2431487441062929
decision_type=2 2 2 2 2 2
left_child=1 2 3 4 -1 -2
right_child=5 -3 -4 -5 -6 -7
leaf_value=0.063715832233428929 -0.5025538965918287 -0.13610100173950196 6.27866881052653 -1.1020908610026039 6.6214870605468734 0.9934243176778158
leaf_weight=9.0000000000000018 137 55 5.9999999999999991 9 5.0000000000000009 14.999999999999998
leaf_count=9 137 55 6 9 5 15
internal_value=0 0.642244 2.11842 1.03313 2.40578 -0.354924
internal_weight=0 84 29 23 14 152
internal_count=236 84 29 23 14 152
is_linear=0
shrinkage=0.01


Tree=17
num_leaves=7
num_cat=0
split_feature=8 15 19 12 12 10
split_gain=527252 945930 1.28331e+06 660693 1.35478e+06 300541
threshold=0.022583006881177429 -0.26531760394573206 0.092501904815435423 -0.53832441568374623 -0.63973695039749134 -0.42827886343002314
decision_type=2 2 2 2 2 2
left_child=1 2 3 4 -1 -2
right_child=5 -3 -4 -5 -6 -7
leaf_value=0.063078698317209858 0.038165572174759799 -0.13473997701298107 6.2158821105957029 -1.0910699187384709 6.5552720947265612 -0.85895866031899604
leaf_weight=9.0000000000000018 86 55 5.9999999999999991 9 5.0000000000000009 66
leaf_count=9 86 55 6 9 5 66
internal_value=0 0.635822 2.09723 1.0228 2.38172 -0.351375
internal_weight=0 84 29 23 14 152
internal_count=236 84 29 23 14 152
is_linear=0
shrinkage=0.01


Tree=18
num_leaves=7
num_cat=0
split_feature=1 15 12 12 7 10
split_gain=516242 860734 864600 538270 390944 309608
threshold=0.058913847431540496 -0.26531760394573206 -0.37460352480411524 -0.61820009350776661 1.0884723067283633 -0.42827886343002314
decision_type=2 2 2 2 2 2
left_child=1 2 3 4 -1 -2
right_child=5 -3 -4 -5 -6 -7
leaf_value=0.49123039419000758 0.037783854659213578 -0.13339258740165016 -1.8580349121093749 4.5026099700927738 3.8636052017211915 -0.88078607141971588
leaf_weight=11.000000000000009 86 55 4.9999999999999991 9.9999999999999982 4.9999999999999991 64
leaf_count=11 86 55 5 10 5 64
internal_value=0 0.617685 1.95024 2.6826 1.5451 -0.354139
internal_weight=0 86 31 26 16 150
internal_count=236 86 31 26 16 150
is_linear=0
shrinkage=0.01


Tree=19
num_leaves=7
num_cat=0
split_feature=8 10 10 10 1 6
split_gain=506619 913695 929168 316498 294202 1.00888e+06
threshold=0.022583006881177429 -0.35447448492050165 -0.369048461318016 1.5887081623077395 1.1005292534828188 1.3338403105735781
decision_type=2 2 2 2 2 2
left_child=1 2 -1 -3 -2 -6
right_child=4 3 -4 -5 5 -7
leaf_value=1.1486316568201238 -0.49000608092676984 0.51124033100464761 6.3477016546726226 -1.0643032859353458 4.6528134765624998 -0.84867947769165042
leaf_weight=10.999999999999998 137 51 4.9999999999999991 17 4.9999999999999991 9.9999999999999982
leaf_count=11 137 51 5 17 5 10
internal_value=0 0.623257 2.77334 0.117354 -0.344431 0.985152
internal_weight=0 84 16 68 152 15
internal_count=236 84 16 68 152 15
is_linear=0
shrinkage=0.01


Tree=20
num_leaves=7
num_cat=0
split_feature=1 15 19 12 12 10
split_gain=496131 832464 1.30308e+06 439275 567785 301602
threshold=0.058913847431540496 -0.26531760394573206 0.064407993108034148 -0.53832441568374623 -0.63973695039749134 -0.42827886343002314
decision_type=2 2 2 2 2 2
left_child=1 2 3 4 -1 -2
right_child=5 -3 -4 -5 -6 -7
leaf_value=0.12822337239980691 0.039649774362874583 -0.13310591610995207 5.1215157715479531 -1.0935842736562089 4.4239207687377933 -0.8669660690426827
leaf_weight=8.0000000000000018 86 55 8.9999999999999982 9.0000000000000018 4.9999999999999991 64
leaf_count=8 86 55 9 9 5 64
internal_value=0 0.605534 1.91602 0.604688 1.78041 -0.347173
internal_weight=0 86 31 22 13 150
internal_count=236 86 31 22 13 150
is_linear=0
shrinkage=0.01


Tree=21
num_leaves=7
num_cat=0
split_feature=8 6 19 1 13 1
split_gain=493134 842088 1.12687e+06 629648 507382 475855
threshold=0.49968045949935919 0.40826079249382025 0.092501904815435423 0.9489821493625642 -1.0424810647964475 0.058913847431540496
decision_type=2 2 2 2 2 2
left_child=1 5 -3 -2 -5 -1
right_child=3 2 -4 4 -6 -7
leaf_value=0.59947894686876335 -1.3255218690872193 5.9166479237874352 -0.51131668090820304 -0.074600479888916008 3.4149798126220703 -0.56664893086683954
leaf_weight=86 50 5.9999999999999982 5 25.000000000000004 4.9999999999999991 59
leaf_count=86 50 6 5 25 5 59
internal_value=0 0.327347 2.99485 -0.638328 0.506996 0.124986
internal_weight=0 156 11 80 30 145
internal_count=236 156 11 80 30 145
is_linear=0
shrinkage=0.01


Tree=22
num_leaves=7
num_cat=0
split_feature=8 6 19 8 13 8
split_gain=483320 825331 1.10445e+06 588192 499614 463186
threshold=0.49968045949935919 0.40826079249382025 0.092501904815435423 0.97756218910217296 -1.0424810647964475 0.022583006881177429
decision_type=2 2 2 2 2 2
left_child=1 5 -3 -2 -5 -1
right_child=3 2 -4 4 -6 -7
leaf_value=0.60537169331596008 -1.278533654867434 5.857481384277345 -0.50620361328124996 -0.093936568101247148 3.3808300552368169 -0.53950079623548708
leaf_weight=84 51 5.9999999999999982 5 24.000000000000004 4.9999999999999991 61
leaf_count=84 51 6 5 24 5 61
internal_value=0 0.324074 2.9649 -0.631944 0.505161 0.123736
internal_weight=0 156 11 80 29 145
internal_count=236 156 11 80 29 145
is_linear=0
shrinkage=0.01


Tree=23
num_leaves=7
num_cat=0
split_feature=1 10 10 19 10 10
split_gain=467332 818157 959053 331802 307109 291566
threshold=0.058913847431540496 -0.35447448492050165 -0.369048461318016 -0.20165700465440747 1.5887081623077395 -0.42827886343002314
decision_type=2 2 2 2 2 2
left_child=1 2 3 -1 -3 -2
right_child=5 4 -4 -5 -6 -7
leaf_value=-0.94793850111961331 0.043386673594630047 0.48501499295234679 6.2323429222106936 2.4249036761692584 -1.0632477491042194 -0.84801830381155019
leaf_weight=5.0000000000000009 86 52 4.9999999999999991 7.0000000000000009 17 64
leaf_count=5 86 52 5 7 17 64
internal_value=0 0.587697 2.55273 1.01955 0.103559 -0.336946
internal_weight=0 86 17 12 69 150
internal_count=236 86 17 12 69 150
is_linear=0
shrinkage=0.01


Tree=24
num_leaves=7
num_cat=0
split_feature=8 6 19 1 13 1
split_gain=469307 811569 1.08227e+06 604083 487095 449447
threshold=0.49968045949935919 0.40826079249382025 0.092501904815435423 0.9489821493625642 -1.0424810647964475 0.058913847431540496
decision_type=2 2 2 2 2 2
left_child=1 5 -3 -2 -5 -1
right_child=3 2 -4 4 -6 -7
leaf_value=0.58181970475718037 -1.2958147258758543 5.8014441935221361 -0.49800976562499993 -0.070735788726806637 3.348370651245117 -0.55148878755205777
leaf_weight=86 50 5.9999999999999982 5 25.000000000000004 4.9999999999999991 59
leaf_count=86 50 6 5 25 5 59
internal_value=0 0.319341 2.93806 -0.622716 0.499115 0.12068
internal_weight=0 156 11 80 30 145
internal_count=236 156 11 80 30 145
is_linear=0
shrinkage=0.01


Tree=25
num_leaves=7
num_cat=0
split_feature=1 6 19 1 13 1
split_gain=451340 621497 886850 607742 477402 440503
threshold=0.50272323191165935 0.40826079249382025 0.077371049672365202 0.9489821493625642 -1.0424810647964475 0.058913847431540496
decision_type=2 2 2 2 2 2
left_child=1 5 -3 -2 -5 -1
right_child=3 2 -4 4 -6 -7
leaf_value=0.57600153684616096 -1.3202455381552378 4.8200083378383098 -0.4192779080073038 -0.070028392791748037 3.3148870086669922 -0.54597390462786466
leaf_weight=86 48 6.9999999999999982 6 25.000000000000004 4.9999999999999991 59
leaf_count=86 48 7 6 25 5 59
internal_value=0 0.307266 2.40188 -0.622411 0.494124 0.119474
internal_weight=0 158 13 78 30 145
internal_count=236 158 13 78 30 145
is_linear=0
shrinkage=0.01


Tree=26
num_leaves=7
num_cat=0
split_feature=3 16 13 10 10 19
split_gain=417004 753398 552180 561865 835989 430823
threshold=0.49442298710346227 0.40757486224174505 -0.81144014000892628 -0.42984707653522486 -0.4433798342943191 0.11345775052905084
decision_type=2 2 2 2 2 2
left_child=1 -1 3 4 -2 -4
right_child=2 -3 5 -5 -6 -7
leaf_value=0.17051622266570729 -0.028861485767364501 4.1151808166503905 -2.3009626222693398 -1.3820503340827093 3.8809542410714286 0.93780417442321784
leaf_weight=153 25 4.9999999999999991 23.000000000000004 18 6.9999999999999991 4.9999999999999991
leaf_count=153 25 5 23 18 7 5
internal_value=0 0.295347 -0.598268 0.0313647 0.826411 -1.72261
internal_weight=0 158 78 50 32 28
internal_count=236 158 78 50 32 28
is_linear=0
shrinkage=0.01


Tree=27
num_leaves=7
num_cat=0
split_feature=1 15 19 12 12 10
split_gain=437357 806380 1.27797e+06 546866 1.05433e+06 279085
threshold=0.058913847431540496 -0.26531760394573206 0.092501904815435423 -0.53832441568374623 -0.63973695039749134 -0.42827886343002314
decision_type=2 2 2 2 2 2
left_child=1 2 3 4 -1 -2
right_child=5 -3 -4 -5 -6 -7
leaf_value=-0.015493232846260059 0.046142520097106003 -0.15843972275473855 6.0028459803263345 -1.1083609739939373 5.2869030507405572 -0.82597481869161127
leaf_weight=10.000000000000005 86 55 5.9999999999999991 8.9999999999999982 6.0000000000000027 64
leaf_count=10 86 55 6 9 6 64
internal_value=0 0.568536 1.85833 0.863649 1.97291 -0.325961
internal_weight=0 86 31 25 16 150
internal_count=236 86 31 25 16 150
is_linear=0
shrinkage=0.01


Tree=28
num_leaves=7
num_cat=0
split_feature=8 6 19 1 13 1
split_gain=439142 774650 1.04146e+06 569456 468409 424262
threshold=0.49968045949935919 0.40826079249382025 0.092501904815435423 0.9489821493625642 -1.0424810647964475 0.058913847431540496
decision_type=2 2 2 2 2 2
left_child=1 5 -3 -2 -5 -1
right_child=3 2 -4 4 -6 -7
leaf_value=0.56285099941630701 -1.2558937543869018 5.6762466939290368 -0.50329368591308588 -0.07197983322143553 3.2809026184082031 -0.53824624804622034
leaf_weight=86 50 5.9999999999999982 5 25.000000000000004 4.9999999999999991 59
leaf_count=86 50 6 5 25 5 59
internal_value=0 0.308908 2.86736 -0.602371 0.486834 0.114818
internal_weight=0 156 11 80 30 145
internal_count=236 156 11 80 30 145
is_linear=0
shrinkage=0.01


Tree=29
num_leaves=7
num_cat=0
split_feature=1 6 19 1 13 1
split_gain=422218 593523 851199 572799 459088 415819
threshold=0.50272323191165935 0.40826079249382025 0.077371049672365202 0.9489821493625642 -1.0424810647964475 0.058913847431540496
decision_type=2 2 2 2 2 2
left_child=1 5 -3 -2 -5 -1
right_child=3 2 -4 4 -6 -7
leaf_value=0.55722246665464237 -1.2794715394079685 4.7131447383335665 -0.41975283304850253 -0.071260033416748039 3.2480935821533206 -0.53286376189124784
leaf_weight=86 48 6.9999999999999982 6 25.000000000000004 4.9999999999999991 59
leaf_count=86 48 7 6 25 5 59
internal_value=0 0.297188 2.34412 -0.601996 0.481966 0.11367
internal_weight=0 158 13 78 30 145
internal_count=236 158 13 78 30 145
is_linear=0
shrinkage=0.01


Tree=30
num_leaves=7
num_cat=0
split_feature=8 6 19 1 13 1
split_gain=422740 746658 1.00367e+06 547664 449952 407544
threshold=0.49968045949935919 0.40826079249382025 0.092501904815435423 0.9489821493625642 -1.0424810647964475 0.058913847431540496
decision_type=2 2 2 2 2 2
left_child=1 5 -3 -2 -5 -1
right_child=3 2 -4 4 -6 -7
leaf_value=0.5516502589472505 -1.2319105655431748 5.5723526763916027 -0.49406320190429681 -0.070547433471679674 3.2156126556396489 -0.52753510494353406
leaf_weight=86 50 5.9999999999999982 5 25.000000000000004 4.9999999999999991 59
leaf_count=86 50 6 5 25 5 59
internal_value=0 0.303084 2.81489 -0.591014 0.477146 0.112533
internal_weight=0 156 11 80 30 145
internal_count=236 156 11 80 30 145
is_linear=0
shrinkage=0.01


Tree=31
num_leaves=7
num_cat=0
split_feature=8 6 10 1 13 1
split_gain=414328 731799 997021 536765 440998 399434
threshold=0.49968045949935919 0.40826079249382025 -0.43545402586460108 0.9489821493625642 -1.0424810647964475 0.058913847431540496
decision_type=2 2 2 2 2 2
left_child=1 5 -3 -2 -5 -1
right_child=3 2 -4 4 -6 -7
leaf_value=0.54613374944343118 -1.2195914089798927 -0.51122616577148428 5.5350488026936855 -0.069841948699951167 3.1834566192626954 -0.52225979357452712
leaf_weight=86 50 5 5.9999999999999982 25.000000000000004 4.9999999999999991 59
leaf_count=86 50 5 6 25 5 59
internal_value=0 0.300053 2.78674 -0.585104 0.472374 0.111408
internal_weight=0 156 11 80 30 145
internal_count=236 156 11 80 30 145
is_linear=0
shrinkage=0.01


Tree=32
num_leaves=7
num_cat=0
split_feature=1 6 19 13 10 10
split_gain=398089 560110 812491 546455 542209 811532
threshold=0.50272323191165935 0.40826079249382025 0.077371049672365202 -0.81144014000892628 -0.42984707653522486 -0.4433798342943191
decision_type=2 2 2 2 2 2
left_child=1 -1 -3 4 5 -2
right_child=3 2 -4 -5 -6 -7
leaf_value=0.11029403700705233 -0.019835704994201661 4.5915844399588455 -0.42324625529348842 -1.7030409450190407 -1.3466533682081434 3.8323647635323659
leaf_weight=145 25 6.9999999999999982 6 28 18 6.9999999999999991
leaf_count=145 25 7 6 28 18 7
internal_value=0 0.288571 2.27705 -0.584542 0.041818 0.822833
internal_weight=0 158 13 78 50 32
internal_count=236 158 13 78 50 32
is_linear=0
shrinkage=0.01


Tree=33
num_leaves=7
num_cat=0
split_feature=8 11 10 1 13 1
split_gain=398855 705361 972819 516932 432792 391485
threshold=0.49968045949935919 0.41515533626079565 -0.43545402586460108 0.9489821493625642 -1.0424810647964475 0.058913847431540496
decision_type=2 2 2 2 2 2
left_child=1 5 -3 -2 -5 -1
right_child=3 2 -4 4 -6 -7
leaf_value=0.53956947212995487 -1.1967296384096147 -0.5219406585693358 5.4504985555013024 -0.073465216064453123 3.1494232177734376 -0.51814015049550488
leaf_weight=86 50 5 5.9999999999999982 25.000000000000004 4.9999999999999991 59
leaf_count=86 50 5 6 25 5 59
internal_value=0 0.294397 2.73575 -0.574075 0.463683 0.109191
internal_weight=0 156 11 80 30 145
internal_count=236 156 11 80 30 145
is_linear=0
shrinkage=0.01


Tree=34
num_leaves=7
num_cat=0
split_feature=1 15 19 12 12 12
split_gain=386086 790333 1.25254e+06 535983 1.03335e+06 269430
threshold=0.058913847431540496 -0.26531760394573206 0.092501904815435423 -0.53832441568374623 -0.63973695039749134 -0.53832441568374623
decision_type=2 2 2 2 2 2
left_child=1 2 3 4 -1 -2
right_child=5 -3 -4 -5 -6 -7
leaf_value=-0.044015525579452479 -2.0918270298279822 -0.18553256871483545 5.9141402689615878 -1.1259545771280925 5.2053568156560237 -0.20566426612121957
leaf_weight=10.000000000000005 7.9999999999999991 55 5.9999999999999991 8.9999999999999982 6.0000000000000027 142
leaf_count=10 8 55 6 9 6 142
internal_value=0 0.534174 1.81107 0.826336 1.9245 -0.30626
internal_weight=0 86 31 25 16 150
internal_count=236 86 31 25 16 150
is_linear=0
shrinkage=0.01


Tree=35
num_leaves=7
num_cat=0
split_feature=8 6 19 13 12 8
split_gain=388093 693106 956959 498966 448738 437728
threshold=0.49968045949935919 0.40826079249382025 0.092501904815435423 -0.81144014000892628 0.20807447284460071 0.97756218910217296
decision_type=2 2 2 2 2 2
left_child=1 -1 -3 4 -2 -6
right_child=3 2 -4 -5 5 -7
leaf_value=0.10680846569455904 2.8875176773071294 5.4029770151774095 -0.52057669067382806 -1.5858422617117562 -1.5981298713386058 0.4622604146497003
leaf_weight=145 4.9999999999999991 5.9999999999999982 5 30 15.999999999999998 29
leaf_count=145 5 6 5 30 16 29
internal_value=0 0.290399 2.71045 -0.566278 0.0454612 -0.270323
internal_weight=0 156 11 80 50 45
internal_count=236 156 11 80 50 45
is_linear=0
shrinkage=0.01


Tree=36
num_leaves=7
num_cat=0
split_feature=8 16 1 10 1 6
split_gain=380547 852310 761576 303795 255164 952060
threshold=0.022583006881177429 -0.36902464926242823 -0.081466671079397188 1.5887081623077395 1.1005292534828188 1.3338403105735781
decision_type=2 2 2 2 2 2
left_child=1 3 -3 -1 -2 -6
right_child=4 2 -4 -5 5 -7
leaf_value=0.44990533773715685 -0.43408773611931906 5.4602567036946619 0.86081078423394108 -1.0899802199532005 4.5026004638671875 -0.84172319602966317
leaf_weight=52 137 5.9999999999999991 8.9999999999999982 17 4.9999999999999991 9.9999999999999982
leaf_count=52 137 6 9 17 5 10
internal_value=0 0.54017 2.70059 0.0705132 -0.298515 0.939718
internal_weight=0 84 15 69 152 15
internal_count=236 84 15 69 152 15
is_linear=0
shrinkage=0.01


Tree=37
num_leaves=7
num_cat=0
split_feature=8 6 10 1 13 8
split_gain=377979 682291 948372 493036 423003 369762
threshold=0.49968045949935919 0.40826079249382025 -0.43545402586460108 0.9489821493625642 -1.0424810647964475 0.022583006881177429
decision_type=2 2 2 2 2 2
left_child=1 5 -3 -2 -5 -1
right_child=3 2 -4 4 -6 -7
leaf_value=0.53476794237182257 -1.1669429012298584 -0.52881216430664058 5.3681064097086599 -0.076399613952636711 3.1098305053710935 -0.48814925637401518
leaf_weight=84 50 5 5.9999999999999982 25.000000000000004 4.9999999999999991 61
leaf_count=84 50 5 6 25 5 61
internal_value=0 0.28659 2.68769 -0.55885 0.454639 0.104437
internal_weight=0 156 11 80 30 145
internal_count=236 156 11 80 30 145
is_linear=0
shrinkage=0.01


Tree=38
num_leaves=7
num_cat=0
split_feature=8 6 19 1 13 12
split_gain=370457 668713 932892 483225 414585 377665
threshold=0.49968045949935919 0.40826079249382025 0.092501904815435423 0.9489821493625642 -1.0424810647964475 -0.37460352480411524
decision_type=2 2 2 2 2 2
left_child=1 5 -3 -2 -5 -1
right_child=3 2 -4 4 -6 -7
leaf_value=0.50235303088525929 -1.1552734643697737 5.3192633565266929 -0.52932958984374989 -0.075635632324218743 3.0787322540283202 -0.5494509219256315
leaf_weight=90 50 5.9999999999999982 5 25.000000000000004 4.9999999999999991 55
leaf_count=90 50 6 5 25 5 55
internal_value=0 0.283724 2.66081 -0.553261 0.450092 0.103393
internal_weight=0 156 11 80 30 145
internal_count=236 156 11 80 30 145
is_linear=0
shrinkage=0.01


Tree=39
num_leaves=7
num_cat=0
split_feature=8 6 10 13 10 10
split_gain=363085 655406 924540 474918 523002 779486
threshold=0.49968045949935919 0.40826079249382025 -0.43545402586460108 -0.81144014000892628 -0.42984707653522486 -0.4433798342943191
decision_type=2 2 2 2 2 2
left_child=1 -1 -3 4 5 -2
right_child=3 2 -4 -5 -6 -7
leaf_value=0.10235896197475236 -0.0097197935104370112 -0.54162510681152332 5.280728174845378 -1.5424208117524782 -1.3145706325107152 3.7656565638950896
leaf_weight=145 25 5 5.9999999999999982 30 18 6.9999999999999991
leaf_count=145 25 5 6 30 18 7
internal_value=0 0.280886 2.6342 -0.547729 0.0490866 0.816144
internal_weight=0 156 11 80 50 32
internal_count=236 156 11 80 50 32
is_linear=0
shrinkage=0.01


Tree=40
num_leaves=7
num_cat=0
split_feature=12 15 1 12 16 7
split_gain=358344 611298 835211 503504 456365 365294
threshold=-0.37460352480411524 -0.26531760394573206 0.058913847431540496 -0.61820009350776661 0.034739682450890548 1.0884723067283633
decision_type=2 2 2 2 2 2
left_child=1 2 3 5 -4 -1
right_child=-2 -3 4 -5 -6 -7
leaf_value=0.3493119272318751 -0.30594198490658853 -0.46777840672354948 -1.1139130070805547 4.2284303894042967 1.6093076524734498 3.6091814117431644
leaf_weight=11.000000000000005 146 38 16.000000000000004 9.9999999999999982 9.9999999999999982 4.9999999999999991
leaf_count=11 146 38 16 10 10 5
internal_value=0 0.496306 1.20083 2.46818 -0.0665204 1.36802
internal_weight=0 90 52 26 26 16
internal_count=236 90 52 26 26 16
is_linear=0
shrinkage=0.01


Tree=41
num_leaves=7
num_cat=0
split_feature=12 15 13 15 12 14
split_gain=351213 599133 801696 742613 433570 431901
threshold=-0.37460352480411524 -0.26531760394573206 0.58634677529335033 -0.26548375189304346 -0.61820009350776661 -0.23428930342197415
decision_type=2 2 2 2 2 2
left_child=1 2 5 4 -4 -1
right_child=-2 -3 3 -5 -6 -7
leaf_value=-0.44214406718810401 -0.302882564655722 -0.46310061080871445 -0.14740682601928709 5.7678207556406651 3.7081400451660143 2.0314360637664794
leaf_weight=24 146 38 7.0000000000000009 5.9999999999999991 5.0000000000000009 9.9999999999999982
leaf_count=24 146 38 7 6 5 10
internal_value=0 0.491343 1.18882 2.89532 1.45907 0.28538
internal_weight=0 90 52 18 12 34
internal_count=236 90 52 18 12 34
is_linear=0
shrinkage=0.01


Tree=42
num_leaves=7
num_cat=0
split_feature=8 16 1 10 10 10
split_gain=350168 806447 729686 295357 247220 609911
threshold=0.022583006881177429 -0.36902464926242823 -0.081466671079397188 1.5887081623077395 -0.42827886343002314 -0.43545402586460108
decision_type=2 2 2 2 2 2
left_child=1 3 -3 -1 5 -2
right_child=4 2 -4 -5 -6 -7
leaf_value=0.43540106352705221 -0.22096475214153141 5.3209191385904946 0.81880253897772892 -1.0829484847012689 -0.74671109313314621 2.5301941935221355
leaf_weight=52 77 5.9999999999999991 8.9999999999999982 17 66 8.9999999999999982
leaf_count=52 77 6 9 17 66 9
internal_value=0 0.51816 2.61965 0.0613149 -0.286352 0.0669472
internal_weight=0 84 15 69 152 86
internal_count=236 84 15 69 152 86
is_linear=0
shrinkage=0.01


Tree=43
num_leaves=7
num_cat=0
split_feature=8 6 19 13 12 1
split_gain=344282 647761 906434 464578 447284 450698
threshold=0.49968045949935919 0.40826079249382025 0.092501904815435423 -0.81144014000892628 0.20807447284460071 0.9489821493625642
decision_type=2 2 2 2 2 2
left_child=1 -1 -3 4 -2 -6
right_child=3 2 -4 -5 5 -7
leaf_value=0.096033368808442141 2.8943724060058593 5.2335511271158861 -0.53150859069824208 -1.5171622569561003 -1.6736557470957438 0.44930798276265466
leaf_weight=145 4.9999999999999991 5.9999999999999982 5 30 14.999999999999998 30
leaf_count=145 5 6 5 30 15 30
internal_value=0 0.273517 2.61307 -0.533358 0.0569253 -0.258347
internal_weight=0 156 11 80 50 45
internal_count=236 156 11 80 50 45
is_linear=0
shrinkage=0.01


Tree=44
num_leaves=7
num_cat=0
split_feature=1 10 10 10 12 1
split_gain=338963 733074 899536 280604 263676 207931
threshold=0.058913847431540496 -0.35447448492050165 -0.369048461318016 1.5887081623077395 -0.53832441568374623 0.50272323191165935
decision_type=2 2 2 2 2 2
left_child=1 2 -1 -3 -2 -6
right_child=4 3 -4 -5 5 -7
leaf_value=0.87572689642508805 -2.0533607381582262 0.40686460452655759 5.9241766853332525 -1.0730793425616096 0.23500137194991111 -0.53406947753368283
leaf_weight=12.000000000000002 7.9999999999999991 52 4.9999999999999991 17 64 78
leaf_count=12 8 52 5 17 64 78
internal_value=0 0.500514 2.36057 0.0422407 -0.286961 -0.187446
internal_weight=0 86 17 69 150 142
internal_count=236 86 17 69 150 142
is_linear=0
shrinkage=0.01


Tree=45
num_leaves=7
num_cat=0
split_feature=8 16 1 10 1 11
split_gain=335308 780829 706838 282895 242423 922056
threshold=0.022583006881177429 -0.36902464926242823 -0.081466671079397188 1.5887081623077395 1.1005292534828188 1.3029863834381106
decision_type=2 2 2 2 2 2
left_child=1 3 -3 -1 -2 -6
right_child=4 2 -4 -5 5 -7
leaf_value=0.42362554847620998 -0.41235494173356219 5.2335315958658848 0.80245977719624839 -1.0623485307132496 4.4330040588378905 -0.82643247222900384
leaf_weight=52 137 5.9999999999999991 8.9999999999999982 17 4.9999999999999991 9.9999999999999982
leaf_count=52 137 6 9 17 5 10
internal_value=0 0.507047 2.57489 0.057516 -0.28021 0.926713
internal_weight=0 84 15 69 152 15
internal_count=236 84 15 69 152 15
is_linear=0
shrinkage=0.01


Tree=46
num_leaves=7
num_cat=0
split_feature=8 6 19 13 19 16
split_gain=328845 637747 888396 453288 406253 402322
threshold=0.49968045949935919 0.40826079249382025 0.092501904815435423 -0.81144014000892628 0.11345775052905084 0.88990175724029552
decision_type=2 2 2 2 2 2
left_child=1 -1 -3 5 -5 -2
right_child=3 2 -4 4 -6 -7
leaf_value=0.091208151998191045 2.4909432665506999 5.1829891459147142 -0.52441996765136711 -2.0134577598571775 1.1090543146133423 -0.26944331841035324
leaf_weight=145 5.9999999999999991 5.9999999999999982 5 25.000000000000004 4.9999999999999991 44
leaf_count=145 6 6 5 25 5 44
internal_value=0 0.267314 2.58871 -0.521263 -1.49304 0.0618031
internal_weight=0 156 11 80 30 50
internal_count=236 156 11 80 30 50
is_linear=0
shrinkage=0.01


Tree=47
num_leaves=7
num_cat=0
split_feature=8 16 1 10 10 10
split_gain=327442 765291 692772 277266 239383 589288
threshold=0.022583006881177429 -0.36902464926242823 -0.081466671079397188 1.5887081623077395 -0.42827886343002314 -0.43545402586460108
decision_type=2 2 2 2 2 2
left_child=1 3 -3 -1 5 -2
right_child=4 2 -4 -5 -6 -7
leaf_value=0.41847720274558436 -0.21225203786577498 5.1802842203776036 0.79352320618099637 -1.0526371450985179 -0.72990806709636347 2.4919940609402129
leaf_weight=52 77 5.9999999999999991 8.9999999999999982 17 66 8.9999999999999982
leaf_count=52 77 6 9 17 66 9
internal_value=0 0.501064 2.54823 0.0560287 -0.276904 0.0707505
internal_weight=0 84 15 69 152 86
internal_count=236 84 15 69 152 86
is_linear=0
shrinkage=0.01


Tree=48
num_leaves=7
num_cat=0
split_feature=12 15 19 19 1 10
split_gain=321664 570764 1.40884e+06 397436 386253 537085
threshold=-0.37460352480411524 -0.26531760394573206 0.092501904815435423 -0.27939024567604059 -0.081466671079397188 -0.42722491919994349
decision_type=2 2 2 2 2 2
left_child=1 2 3 -1 -5 -6
right_child=-2 -3 -4 4 5 -7
leaf_value=-0.60278519021140209 -0.28986109446172842 -0.4613541784098274 5.7085508855183926 3.1588498425483693 2.0412450764395969 -1.2527206590440538
leaf_weight=18 146 38 5.9999999999999991 8.0000000000000018 11.000000000000002 8.9999999999999982
leaf_count=18 146 38 6 8 11 9
internal_value=0 0.470219 1.15098 0.556519 1.30179 0.55896
internal_weight=0 90 52 46 28 20
internal_count=236 90 52 46 28 20
is_linear=0
shrinkage=0.01


Tree=49
num_leaves=7
num_cat=0
split_feature=8 15 19 12 12 2
split_gain=316299 727748 1.13723e+06 562644 1.17774e+06 249610
threshold=0.022583006881177429 -0.26531760394573206 0.092501904815435423 -0.53832441568374623 -0.63973695039749134 0.15970128774642947
decision_type=2 2 2 2 2 2
left_child=1 2 3 4 -1 -3
right_child=-2 5 -4 -5 -6 -7
leaf_value=-0.14494014634026417 -0.27215168070636298 -0.71285664782804603 5.6514653396606445 -1.1878532637490165 5.9082268676757792 0.6737807268188114
leaf_weight=9.0000000000000018 152 34 5.9999999999999991 9 5.0000000000000009 21
leaf_count=9 152 34 6 9 5 21
internal_value=0 0.492465 1.7743 0.762869 2.01691 -0.183413
internal_weight=0 84 29 23 14 55
internal_count=236 84 29 23 14 55
is_linear=0
shrinkage=0.01


end of trees

feature_importances:
Column_1=56
Column_10=53
Column_8=40
Column_19=32
Column_12=31
Column_6=27
Column_15=20
Column_13=18
Column_16=11
Column_3=5
Column_11=3
Column_7=2
Column_2=1
Column_14=1

parameters:
[boosting: gbdt]
[objective: regression]
[metric: l2]
[tree_learner: serial]
[device_type: cpu]
[data_sample_strategy: bagging]
[data: ]
[valid: ]
[num_iterations: 50]
[learning_rate: 0.01]
[num_leaves: 7]
[num_threads: 2]
[seed: 42]
[deterministic: 0]
[force_col_wise: 0]
[force_row_wise: 0]
[histogram_pool_size: -1]
[max_depth: -1]
[min_data_in_leaf: 5]
[min_sum_hessian_in_leaf: 0.001]
[bagging_fraction: 0.6]
[pos_bagging_fraction: 1]
[neg_bagging_fraction: 1]
[bagging_freq: 0]
[bagging_seed: 400]
[feature_fraction: 0.8]
[feature_fraction_bynode: 1]
[feature_fraction_seed: 30056]
[extra_trees: 0]
[extra_seed: 12879]
[early_stopping_round: 0]
[early_stopping_min_delta: 0]
[first_metric_only: 0]
[max_delta_step: 0]
[lambda_l1: 0]
[lambda_l2: 0]
[linear_lambda: 0]
[min_gain_to_split: 0]
[drop_rate: 0.1]
[max_drop: 50]
[skip_drop: 0.5]
[xgboost_dart_mode: 0]
[uniform_drop: 0]
[drop_seed: 17869]
[top_rate: 0.2]
[other_rate: 0.1]
[min_data_per_group: 100]
[max_cat_threshold: 32]
[cat_l2: 10]
[cat_smooth: 10]
[max_cat_to_onehot: 4]
[top_k: 20]
[monotone_constraints: ]
[monotone_constraints_method: basic]
[monotone_penalty: 0]
[feature_contri: ]
[forcedsplits_filename: ]
[refit_decay_rate: 0.9]
[cegb_tradeoff: 1]
[cegb_penalty_split: 0]
[cegb_penalty_feature_lazy: ]
[cegb_penalty_feature_coupled: ]
[path_smooth: 0]
[interaction_constraints: ]
[verbosity: -1]
[saved_feature_importance_type: 0]
[use_quantized_grad: 0]
[num_grad_quant_bins: 4]
[quant_train_renew_leaf: 0]
[stochastic_rounding: 1]
[linear_tree: 0]
[max_bin: 255]
[max_bin_by_feature: ]
[min_data_in_bin: 3]
[bin_construct_sample_cnt: 200000]
[data_random_seed: 175]
[is_enable_sparse: 1]
[enable_bundle: 1]
[use_missing: 1]
[zero_as_missing: 0]
[feature_pre_filter: 1]
[pre_partition: 0]
[two_round: 0]
[header: 0]
[label_column: ]
[weight_column: ]
[group_column: ]
[ignore_column: ]
[categorical_feature: ]
[forcedbins_filename: ]
[precise_float_parser: 0]
[parser_config_file: ]
[objective_seed: 16083]
[num_class: 1]
[is_unbalance: 0]
[scale_pos_weight: 1]
[sigmoid: 1]
[boost_from_average: 1]
[reg_sqrt: 0]
[alpha: 0.9]
[fair_c: 1]
[poisson_max_delta_step: 0.7]
[tweedie_variance_power: 1.5]
[lambdarank_truncation_level: 30]
[lambdarank_norm: 1]
[label_gain: ]
[lambdarank_position_bias_regularization: 0]
[eval_at: ]
[multi_error_top_k: 1]
[auc_mu_weights: ]
[num_machines: 1]
[local_listen_port: 12400]
[time_out: 120]
[machine_list_filename: ]
[machines: ]
[gpu_platform_id: -1]
[gpu_device_id: -1]
[gpu_use_dp: 0]
[num_gpu: 1]

end of parameters

pandas_categorical:null
